{
 "cells": [
  {
   "cell_type": "markdown",
   "id": "e45a5e4e",
   "metadata": {},
   "source": [
    "### **Causal Attention: hiding future words**"
   ]
  },
  {
   "cell_type": "code",
   "execution_count": 8,
   "id": "98730ff5",
   "metadata": {},
   "outputs": [],
   "source": [
    "import torch\n",
    "import torch.nn as nn"
   ]
  },
  {
   "cell_type": "code",
   "execution_count": 9,
   "id": "e9d451c9",
   "metadata": {},
   "outputs": [
    {
     "data": {
      "text/plain": [
       "(3, 2)"
      ]
     },
     "execution_count": 9,
     "metadata": {},
     "output_type": "execute_result"
    }
   ],
   "source": [
    "words = ['Your', 'journey', 'starts', 'with', 'one', 'step']\n",
    "\n",
    "inputs = torch.tensor(\n",
    "  [\n",
    "   [0.43, 0.15, 0.89], # Your     (x^1)\n",
    "   [0.55, 0.87, 0.66], # journey  (x^2)\n",
    "   [0.57, 0.85, 0.64], # starts   (x^3)\n",
    "   [0.22, 0.58, 0.33], # with     (x^4)\n",
    "   [0.77, 0.25, 0.10], # one      (x^5)\n",
    "   [0.05, 0.80, 0.55], # step     (x^6)\n",
    "  ]\n",
    ")\n",
    "\n",
    "d_in = inputs.shape[-1] # embedding dimension\n",
    "d_out = 2 # selected dimenstion of trainable weights\n",
    "d_in, d_out"
   ]
  },
  {
   "cell_type": "code",
   "execution_count": 10,
   "id": "c8823bba",
   "metadata": {},
   "outputs": [],
   "source": [
    "class SelfAttention_v2(nn.Module):\n",
    "\n",
    "    def __init__(self, d_in, d_out, qkv_bias=False):\n",
    "        super().__init__()\n",
    "        self.W_query = nn.Linear(d_in, d_out, bias=qkv_bias)\n",
    "        self.W_key   = nn.Linear(d_in, d_out, bias=qkv_bias)\n",
    "        self.W_value = nn.Linear(d_in, d_out, bias=qkv_bias)\n",
    "\n",
    "    def forward(self, x):\n",
    "        keys = self.W_key(x)\n",
    "        queries = self.W_query(x)\n",
    "        values = self.W_value(x)\n",
    "        \n",
    "        attn_scores = queries @ keys.T\n",
    "        attn_weights = torch.softmax(attn_scores / keys.shape[-1]**0.5, dim=-1)\n",
    "\n",
    "        context_vec = attn_weights @ values\n",
    "        return context_vec"
   ]
  },
  {
   "cell_type": "code",
   "execution_count": 11,
   "id": "1015ed5c",
   "metadata": {},
   "outputs": [
    {
     "data": {
      "text/plain": [
       "tensor([[-0.0739,  0.0713],\n",
       "        [-0.0748,  0.0703],\n",
       "        [-0.0749,  0.0702],\n",
       "        [-0.0760,  0.0685],\n",
       "        [-0.0763,  0.0679],\n",
       "        [-0.0754,  0.0693]], grad_fn=<MmBackward0>)"
      ]
     },
     "execution_count": 11,
     "metadata": {},
     "output_type": "execute_result"
    }
   ],
   "source": [
    "torch.manual_seed(789)\n",
    "sa_v2 = SelfAttention_v2(d_in, d_out)\n",
    "sa_v2(inputs)"
   ]
  },
  {
   "cell_type": "code",
   "execution_count": null,
   "id": "b950ebd8",
   "metadata": {},
   "outputs": [
    {
     "data": {
      "text/plain": [
       "tensor([[0.1621, 0.1886, 0.1873, 0.1520, 0.1446, 0.1653],\n",
       "        [0.1577, 0.1998, 0.1978, 0.1453, 0.1350, 0.1643],\n",
       "        [0.1578, 0.1994, 0.1974, 0.1456, 0.1354, 0.1644],\n",
       "        [0.1619, 0.1850, 0.1840, 0.1548, 0.1485, 0.1658],\n",
       "        [0.1627, 0.1817, 0.1808, 0.1570, 0.1518, 0.1661],\n",
       "        [0.1604, 0.1907, 0.1893, 0.1511, 0.1432, 0.1653]],\n",
       "       grad_fn=<SoftmaxBackward0>)"
      ]
     },
     "execution_count": 14,
     "metadata": {},
     "output_type": "execute_result"
    }
   ],
   "source": [
    "quaries = sa_v2.W_query(inputs)\n",
    "keys = sa_v2.W_query(inputs)\n",
    "attn_scores = quaries @ keys.T\n",
    "attn_weights = torch.softmax(attn_scores / keys.shape[-1]**0.5, dim=-1)\n",
    "attn_weights"
   ]
  },
  {
   "cell_type": "markdown",
   "id": "4eecc8b6",
   "metadata": {},
   "source": [
    "lower and upper triangular matrix. so the `torch.tril` for lower triangular matrix and `torch.triu` for upper triangular matrix\n",
    "![lower and upper triangular matrix](../images/L16_s3.png)\n"
   ]
  },
  {
   "cell_type": "code",
   "execution_count": null,
   "id": "74d08050",
   "metadata": {},
   "outputs": [
    {
     "data": {
      "text/plain": [
       "tensor([[1., 0., 0., 0., 0., 0.],\n",
       "        [1., 1., 0., 0., 0., 0.],\n",
       "        [1., 1., 1., 0., 0., 0.],\n",
       "        [1., 1., 1., 1., 0., 0.],\n",
       "        [1., 1., 1., 1., 1., 0.],\n",
       "        [1., 1., 1., 1., 1., 1.]])"
      ]
     },
     "execution_count": 16,
     "metadata": {},
     "output_type": "execute_result"
    }
   ],
   "source": [
    "# generate a mask for diagonal zeros for causal attention\n",
    "context_length = attn_scores.shape[0]\n",
    "# the tril is related to a concept in matrix called upper and lower triangular matrix. tril=lower triangular matrix which mean all values above the diagonal matrix are all zeros\n",
    "mask_simple = torch.tril(torch.ones(context_length, context_length))\n",
    "mask_simple"
   ]
  },
  {
   "cell_type": "code",
   "execution_count": 17,
   "id": "f13512c3",
   "metadata": {},
   "outputs": [
    {
     "data": {
      "text/plain": [
       "tensor([[0.1621, 0.0000, 0.0000, 0.0000, 0.0000, 0.0000],\n",
       "        [0.1577, 0.1998, 0.0000, 0.0000, 0.0000, 0.0000],\n",
       "        [0.1578, 0.1994, 0.1974, 0.0000, 0.0000, 0.0000],\n",
       "        [0.1619, 0.1850, 0.1840, 0.1548, 0.0000, 0.0000],\n",
       "        [0.1627, 0.1817, 0.1808, 0.1570, 0.1518, 0.0000],\n",
       "        [0.1604, 0.1907, 0.1893, 0.1511, 0.1432, 0.1653]],\n",
       "       grad_fn=<MulBackward0>)"
      ]
     },
     "execution_count": 17,
     "metadata": {},
     "output_type": "execute_result"
    }
   ],
   "source": [
    "masked_simple = attn_weights * mask_simple\n",
    "masked_simple"
   ]
  },
  {
   "cell_type": "code",
   "execution_count": 25,
   "id": "dfe09892",
   "metadata": {},
   "outputs": [
    {
     "data": {
      "text/plain": [
       "tensor([[1.0000, 0.0000, 0.0000, 0.0000, 0.0000, 0.0000],\n",
       "        [0.4411, 0.5589, 0.0000, 0.0000, 0.0000, 0.0000],\n",
       "        [0.2846, 0.3595, 0.3559, 0.0000, 0.0000, 0.0000],\n",
       "        [0.2361, 0.2699, 0.2683, 0.2257, 0.0000, 0.0000],\n",
       "        [0.1951, 0.2179, 0.2169, 0.1882, 0.1820, 0.0000],\n",
       "        [0.1604, 0.1907, 0.1893, 0.1511, 0.1432, 0.1653]],\n",
       "       grad_fn=<DivBackward0>)"
      ]
     },
     "execution_count": 25,
     "metadata": {},
     "output_type": "execute_result"
    }
   ],
   "source": [
    "# now the issue is that these weight cannot be our attention weights cause each row has to sum up to 1. so achieve this, we normalise each row\n",
    "row_sums = masked_simple.sum(dim=1, keepdim=True)\n",
    "masked_simple_norm = masked_simple / row_sums\n",
    "masked_simple_norm"
   ]
  },
  {
   "cell_type": "markdown",
   "id": "554f8f94",
   "metadata": {},
   "source": [
    "The previous approach result in a data leakage and the reason is explained in the lecture 16 notes"
   ]
  },
  {
   "cell_type": "code",
   "execution_count": 26,
   "id": "44f7fe24",
   "metadata": {},
   "outputs": [
    {
     "data": {
      "text/plain": [
       "tensor([[0.4775, 0.6915, 0.6818, 0.3861, 0.3155, 0.5048],\n",
       "        [0.6915, 1.0263, 1.0121, 0.5753, 0.4714, 0.7497],\n",
       "        [0.6818, 1.0121, 0.9981, 0.5674, 0.4649, 0.7393],\n",
       "        [0.3861, 0.5753, 0.5674, 0.3227, 0.2645, 0.4203],\n",
       "        [0.3155, 0.4714, 0.4649, 0.2645, 0.2169, 0.3444],\n",
       "        [0.5048, 0.7497, 0.7393, 0.4203, 0.3444, 0.5476]],\n",
       "       grad_fn=<MmBackward0>)"
      ]
     },
     "execution_count": 26,
     "metadata": {},
     "output_type": "execute_result"
    }
   ],
   "source": [
    "attn_scores"
   ]
  },
  {
   "cell_type": "code",
   "execution_count": null,
   "id": "077d9430",
   "metadata": {},
   "outputs": [
    {
     "data": {
      "text/plain": [
       "tensor([[0.4775,   -inf,   -inf,   -inf,   -inf,   -inf],\n",
       "        [0.6915, 1.0263,   -inf,   -inf,   -inf,   -inf],\n",
       "        [0.6818, 1.0121, 0.9981,   -inf,   -inf,   -inf],\n",
       "        [0.3861, 0.5753, 0.5674, 0.3227,   -inf,   -inf],\n",
       "        [0.3155, 0.4714, 0.4649, 0.2645, 0.2169,   -inf],\n",
       "        [0.5048, 0.7497, 0.7393, 0.4203, 0.3444, 0.5476]],\n",
       "       grad_fn=<MaskedFillBackward0>)"
      ]
     },
     "execution_count": 41,
     "metadata": {},
     "output_type": "execute_result"
    }
   ],
   "source": [
    "mask = torch.triu(torch.ones(context_length, context_length), diagonal=1) # start masking one above the main diagonal, so the diagonal itself stays 0.\n",
    "masked = attn_scores.masked_fill(mask.bool(), -torch.inf) # whis line means, where value is true, replace with -inf(infinity) else replace with actual attention score. we also use infinity because, performing softmax on them, their value becomes 0.000 hence allowing the row value to sum up to 1\n",
    "masked\n"
   ]
  },
  {
   "cell_type": "markdown",
   "id": "a894429f",
   "metadata": {},
   "source": [
    "now, all we need to do is apply the softmax function to these masked resuls, and we are done."
   ]
  },
  {
   "cell_type": "code",
   "execution_count": 42,
   "id": "8fcf904a",
   "metadata": {},
   "outputs": [
    {
     "data": {
      "text/plain": [
       "tensor([[1.0000, 0.0000, 0.0000, 0.0000, 0.0000, 0.0000],\n",
       "        [0.4411, 0.5589, 0.0000, 0.0000, 0.0000, 0.0000],\n",
       "        [0.2846, 0.3595, 0.3559, 0.0000, 0.0000, 0.0000],\n",
       "        [0.2361, 0.2699, 0.2683, 0.2257, 0.0000, 0.0000],\n",
       "        [0.1951, 0.2179, 0.2169, 0.1882, 0.1820, 0.0000],\n",
       "        [0.1604, 0.1907, 0.1893, 0.1511, 0.1432, 0.1653]],\n",
       "       grad_fn=<SoftmaxBackward0>)"
      ]
     },
     "execution_count": 42,
     "metadata": {},
     "output_type": "execute_result"
    }
   ],
   "source": [
    "attn_weights = torch.softmax(masked / keys.shape[-1]**0.5, dim=-1)\n",
    "attn_weights"
   ]
  },
  {
   "cell_type": "markdown",
   "id": "034bdaa3",
   "metadata": {},
   "source": [
    "MASKING ADDITIONAL ATTENTION WEIGHTS WITH DROPOUT"
   ]
  },
  {
   "cell_type": "code",
   "execution_count": 45,
   "id": "6a6f2c13",
   "metadata": {},
   "outputs": [
    {
     "name": "stdout",
     "output_type": "stream",
     "text": [
      "tensor([[1., 1., 1., 1., 1., 1.],\n",
      "        [1., 1., 1., 1., 1., 1.],\n",
      "        [1., 1., 1., 1., 1., 1.],\n",
      "        [1., 1., 1., 1., 1., 1.],\n",
      "        [1., 1., 1., 1., 1., 1.],\n",
      "        [1., 1., 1., 1., 1., 1.]])\n"
     ]
    },
    {
     "data": {
      "text/plain": [
       "tensor([[2., 2., 2., 2., 2., 2.],\n",
       "        [0., 2., 0., 0., 0., 0.],\n",
       "        [0., 0., 2., 0., 2., 0.],\n",
       "        [2., 2., 0., 0., 0., 2.],\n",
       "        [2., 0., 0., 0., 0., 2.],\n",
       "        [0., 2., 0., 0., 0., 0.]])"
      ]
     },
     "execution_count": 45,
     "metadata": {},
     "output_type": "execute_result"
    }
   ],
   "source": [
    "torch.manual_seed(123)\n",
    "dropout = torch.nn.Dropout(0.5)\n",
    "example = torch.ones(6, 6)\n",
    "print(example)\n",
    "dropout(example)"
   ]
  },
  {
   "cell_type": "code",
   "execution_count": 46,
   "id": "f1e0249a",
   "metadata": {},
   "outputs": [
    {
     "data": {
      "text/plain": [
       "tensor([[2.0000, 0.0000, 0.0000, 0.0000, 0.0000, 0.0000],\n",
       "        [0.0000, 1.1178, 0.0000, 0.0000, 0.0000, 0.0000],\n",
       "        [0.0000, 0.0000, 0.7119, 0.0000, 0.0000, 0.0000],\n",
       "        [0.4721, 0.5397, 0.0000, 0.0000, 0.0000, 0.0000],\n",
       "        [0.3902, 0.0000, 0.0000, 0.0000, 0.0000, 0.0000],\n",
       "        [0.0000, 0.3814, 0.0000, 0.0000, 0.0000, 0.0000]],\n",
       "       grad_fn=<MulBackward0>)"
      ]
     },
     "execution_count": 46,
     "metadata": {},
     "output_type": "execute_result"
    }
   ],
   "source": [
    "# applying dropout to attention weights\n",
    "torch.manual_seed(123)\n",
    "dropout(attn_weights)"
   ]
  },
  {
   "cell_type": "markdown",
   "id": "c02373d0",
   "metadata": {},
   "source": [
    "creating batches\n"
   ]
  },
  {
   "cell_type": "code",
   "execution_count": 47,
   "id": "a89913cc",
   "metadata": {},
   "outputs": [
    {
     "data": {
      "text/plain": [
       "torch.Size([2, 6, 3])"
      ]
     },
     "execution_count": 47,
     "metadata": {},
     "output_type": "execute_result"
    }
   ],
   "source": [
    "batch = torch.stack((inputs, inputs), dim=0)\n",
    "batch.shape"
   ]
  },
  {
   "cell_type": "code",
   "execution_count": 48,
   "id": "edd99b1b",
   "metadata": {},
   "outputs": [],
   "source": [
    "class CausalAttention(nn.Module):\n",
    "\n",
    "    def __init__(self, d_in, d_out, context_length,\n",
    "                 dropout, qkv_bias=False):\n",
    "        super().__init__()\n",
    "        self.d_out = d_out\n",
    "        self.W_query = nn.Linear(d_in, d_out, bias=qkv_bias)\n",
    "        self.W_key   = nn.Linear(d_in, d_out, bias=qkv_bias)\n",
    "        self.W_value = nn.Linear(d_in, d_out, bias=qkv_bias)\n",
    "        self.dropout = nn.Dropout(dropout) # New\n",
    "        self.register_buffer('mask', torch.triu(torch.ones(context_length, context_length), diagonal=1)) # New\n",
    "\n",
    "    def forward(self, x):\n",
    "        b, num_tokens, d_in = x.shape # New batch dimension b\n",
    "        keys = self.W_key(x)\n",
    "        queries = self.W_query(x)\n",
    "        values = self.W_value(x)\n",
    "\n",
    "        attn_scores = queries @ keys.transpose(1, 2) # Changed transpose. basically so here we're swaping(transposing) the rows(context length) and the embedding dimension. eg: (2,6,3)->(2,3,6). this is done so that matrix multiplication can happen. the inner dimensions much be the same. eg 2x3x`6` @ `6`x3x2\n",
    "        attn_scores.masked_fill_(  # New, _ ops are in-place\n",
    "            self.mask.bool()[:num_tokens, :num_tokens], -torch.inf)  # `:num_tokens` to account for cases where the number of tokens in the batch is smaller than the supported context_size\n",
    "        attn_weights = torch.softmax(\n",
    "            attn_scores / keys.shape[-1]**0.5, dim=-1\n",
    "        )\n",
    "        attn_weights = self.dropout(attn_weights) # New\n",
    "\n",
    "        context_vec = attn_weights @ values\n",
    "        return context_vec"
   ]
  },
  {
   "cell_type": "code",
   "execution_count": 50,
   "id": "692d1ce7",
   "metadata": {},
   "outputs": [
    {
     "data": {
      "text/plain": [
       "(tensor([[[-0.4519,  0.2216],\n",
       "          [-0.5874,  0.0058],\n",
       "          [-0.6300, -0.0632],\n",
       "          [-0.5675, -0.0843],\n",
       "          [-0.5526, -0.0981],\n",
       "          [-0.5299, -0.1081]],\n",
       " \n",
       "         [[-0.4519,  0.2216],\n",
       "          [-0.5874,  0.0058],\n",
       "          [-0.6300, -0.0632],\n",
       "          [-0.5675, -0.0843],\n",
       "          [-0.5526, -0.0981],\n",
       "          [-0.5299, -0.1081]]], grad_fn=<UnsafeViewBackward0>),\n",
       " torch.Size([2, 6, 2]))"
      ]
     },
     "execution_count": 50,
     "metadata": {},
     "output_type": "execute_result"
    }
   ],
   "source": [
    "torch.manual_seed(123)\n",
    "context_size = batch.shape[1]\n",
    "ca = CausalAttention(d_in=d_in, d_out=d_out, context_length=context_size, dropout=0.0)\n",
    "context_vecs = ca(batch)\n",
    "context_vecs, context_vecs.shape"
   ]
  },
  {
   "cell_type": "code",
   "execution_count": null,
   "id": "05cd2608",
   "metadata": {},
   "outputs": [],
   "source": []
  }
 ],
 "metadata": {
  "kernelspec": {
   "display_name": "sophia-dl",
   "language": "python",
   "name": "python3"
  },
  "language_info": {
   "codemirror_mode": {
    "name": "ipython",
    "version": 3
   },
   "file_extension": ".py",
   "mimetype": "text/x-python",
   "name": "python",
   "nbconvert_exporter": "python",
   "pygments_lexer": "ipython3",
   "version": "3.9.20"
  }
 },
 "nbformat": 4,
 "nbformat_minor": 5
}
